
 0,32, 56, 60,99, 43
 1,64, 77, 78,39, 79
 2,91, 24, 86,18, 69
 3,77, 25, 42,97, 62
 4,44, 14, 98,37, 28
 5,88, 47, 17,32, 56
 6,18, 25, 11,90, 42
 7,33, 10, 81,56, 54
 8,41, 83, 73,36, 31
 9,72, 81, 77,38, 70
 10,96, 11, 57,87, 12
 11,89, 88, 75,68, 98
 12,32, 94, 50,97, 58
 13,21, 99, 70,39, 26
 14,91, 45, 20,21, 36
 15,52, 11, 54,53, 26
 16,48, 64, 62,68, 32
 17,27, 80, 86,77, 68
 18,17, 13, 17,72, 91
 19,50, 20, 72,26, 84
 20,62, 32, 45,12, 26
 21,61, 61, 45,57, 82
 22,35, 23, 26,21, 72
 23,50, 88, 22,39, 43
 24,25, 21, 56,45, 86
 25,25, 36, 61,74, 16
 26,66, 73, 29,15, 68
 27,24, 78, 81,93, 21
 28,57, 39, 71,17, 24
 29,61, 79, 89,61, 91,
 0,44, 73, 50,66, 90
 1,40, 60, 74,12, 84
 2,46, 84, 68,22, 43
 3,47, 93, 81,66, 77
 4,62, 69, 46,48, 24
 5,97, 15, 88,16, 46
 6,60, 59, 24,15, 75
 7,52, 96, 22,51, 44
 8,79, 83, 52,11, 56
 9,80, 52, 62,65, 17
 10,56, 25, 51,12, 97
 11,57, 34, 70,80, 59
 12,45, 79, 81,80, 85
 13,17, 68, 81,88, 90
 14,99, 65, 64,27, 36
 15,52, 64, 79,31, 60
 16,72, 72, 10,56, 97
 17,77, 31, 68,34, 14
 18,77, 20, 63,10, 10
 19,97, 63, 70,19, 50
 20,57, 46, 74,44, 16
 21,17, 98, 54,79, 62
 22,96, 39, 61,76, 76
 23,82, 82, 64,85, 80
 24,36, 62, 15,13, 97
 25,63, 29, 12,84, 44
 26,89, 79, 66,91, 34
 27,90, 16, 20,21, 97
 28,86, 57, 13,13, 82
 29,26, 26, 92,64, 27,
 0,73, 79, 77,98, 38
 1,52, 85, 30,89, 69
 2,27, 36, 32,94, 17
 3,72, 77, 63,86, 81
 4,45, 72, 36,21, 27
 5,22, 44, 90,74, 74
 6,97, 73, 80,76, 88
 7,86, 25, 32,65, 55
 8,49, 77, 34,77, 12
 9,34, 21, 23,38, 15
 10,32, 22, 24,64, 80
 11,83, 42, 27,44, 37
 12,19, 39, 26,41, 65
 13,37, 76, 38,79, 68
 14,64, 80, 38,70, 17
 15,72, 70, 38,38, 38
 16,42, 96, 50,93, 30
 17,82, 26, 16,56, 21
 18,92, 15, 44,50, 25
 19,84, 86, 98,60, 47
 20,68, 20, 97,80, 38
 21,51, 40, 80,15, 69
 22,76, 92, 30,21, 87
 23,84, 79, 88,46, 36
 24,70, 97, 77,96, 23
 25,75, 67, 33,29, 88
 26,50, 75, 29,97, 59
 27,65, 49, 17,72, 22
 28,17, 92, 15,17, 45
 29,30, 83, 65,84, 76,
 0,19, 68, 78,21, 90
 1,47, 75, 17,80, 15
 2,33, 61, 82,54, 41
 3,31, 41, 85,90, 42
 4,88, 45, 71,41, 72
 5,99, 96, 75,63, 92
 6,66, 40, 20,70, 48
 7,41, 20, 33,24, 11
 8,51, 32, 81,20, 45
 9,64, 68, 59,48, 69
 10,20, 13, 30,32, 81
 11,98, 66, 23,44, 45
 12,31, 46, 91,24, 65
 13,94, 59, 98,26, 26
 14,70, 69, 74,82, 69
 15,88, 44, 38,41, 97
 16,54, 65, 67,32, 66
 17,86, 56, 47,80, 35
 18,76, 54, 50,27, 70
 19,11, 17, 49,65, 50
 20,31, 70, 35,92, 27
 21,14, 69, 89,12, 77
 22,41, 67, 40,89, 38
 23,70, 34, 62,98, 46
 24,46, 40, 74,12, 47
 25,73, 78, 71,66, 87
 26,74, 73, 44,18, 79
 27,71, 57, 57,37, 52
 28,48, 55, 97,76, 80
 29,97, 84, 22,16, 74,
 0,92, 52, 51,31, 82
 1,29, 99, 60,22, 24
 2,33, 72, 50,52, 24
 3,61, 33, 92,70, 29
 4,17, 44, 51,78, 92
 5,53, 74, 74,67, 56
 6,77, 12, 20,84, 63
 7,26, 38, 15,39, 23
 8,45, 29, 26,21, 26
 9,90, 67, 16,21, 31
 10,21, 61, 21,40, 22
 11,87, 44, 17,10, 47
 12,75, 42, 45,43, 47
 13,80, 83, 18,26, 53
 14,31, 46, 72,28, 33
 15,49, 47, 41,26, 84
 16,50, 16, 24,79, 79
 17,51, 53, 87,21, 56
 18,58, 14, 49,20, 58
 19,91, 57, 12,94, 67
 20,25, 31, 91,79, 24
 21,92, 46, 64,80, 20
 22,24, 32, 23,95, 41
 23,92, 89, 40,86, 86
 24,63, 83, 10,89, 19
 25,12, 22, 24,89, 66
 26,65, 86, 13,91, 19
 27,59, 52, 34,44, 21
 28,13, 42, 73,37, 15
 29,27, 24, 62,69, 78,
 0,71, 43, 46,21, 24
 1,53, 58, 50,19, 26
 2,99, 75, 62,15, 53
 3,80, 81, 63,35, 95
 4,65, 23, 52,69, 43
 5,10, 99, 21,89, 70
 6,86, 55, 53,40, 55
 7,15, 54, 20,30, 66
 8,66, 48, 11,16, 21
 9,61, 11, 97,55, 10
 10,80, 72, 53,83, 36
 11,25, 27, 69,28, 19
 12,83, 77, 62,54, 22
 13,41, 45, 28,36, 95
 14,82, 15, 21,44, 41
 15,79, 82, 51,80, 78
 16,27, 85, 96,65, 28
 17,56, 81, 60,80, 98
 18,90, 53, 88,55, 91
 19,14, 11, 14,81, 14
 20,45, 74, 10,43, 31
 21,92, 68, 93,45, 46
 22,65, 84, 11,26, 31
 23,40, 43, 13,92, 75
 24,99, 55, 63,72, 87
 25,67, 33, 12,59, 45
 26,18, 77, 99,62, 89
 27,53, 38, 85,86, 59
 28,97, 15, 84,26, 69
 29,90, 25, 10,53, 30,
 0,57, 87, 46,92, 69
 1,94, 80, 93,99, 89
 2,28, 41, 36,54, 75
 3,96, 23, 99,82, 21
 4,66, 10, 95,95, 37
 5,10, 27, 41,87, 94
 6,12, 59, 18,66, 25
 7,50, 70, 61,86, 47
 8,94, 76, 15,60, 44
 9,43, 97, 42,92, 98
 10,97, 10, 75,52, 12
 11,96, 85, 18,50, 39
 12,53, 64, 71,23, 56
 13,77, 81, 98,33, 17
 14,30, 74, 92,82, 89
 15,18, 85, 98,56, 56
 16,29, 15, 17,18, 96
 17,54, 43, 51,17, 32
 18,39, 33, 12,20, 85
 19,35, 78, 21,91, 70
 20,89, 21, 82,85, 38
 21,32, 41, 23,90, 87
 22,51, 97, 56,99, 95
 23,32, 70, 61,15, 91
 24,62, 71, 89,95, 59
 25,93, 35, 63,12, 21
 26,47, 17, 99,47, 44
 27,30, 15, 21,35, 70
 28,14, 32, 97,88, 78
 29,42, 99, 82,98, 98,
 0,96, 24, 90,45, 36
 1,97, 30, 94,30, 15
 2,91, 97, 40,78, 40
 3,65, 74, 22,91, 89
 4,64, 65, 95,55, 70
 5,62, 68, 26,31, 29
 6,34, 87, 96,46, 27
 7,11, 70, 11,14, 73
 8,64, 20, 69,50, 48
 9,14, 50, 12,48, 18
 10,17, 27, 93,35, 23
 11,27, 26, 62,67, 92
 12,56, 53, 77,98, 28
 13,86, 12, 68,65, 53
 14,87, 46, 24,41, 43
 15,35, 93, 55,10, 15
 16,24, 43, 94,56, 69
 17,21, 99, 70,16, 31
 18,22, 95, 13,46, 62
 19,85, 81, 62,12, 28
 20,46, 82, 47,51, 25
 21,67, 22, 41,57, 55
 22,43, 24, 42,17, 49
 23,94, 49, 50,72, 28
 24,51, 31, 89,75, 89
 25,98, 80, 27,18, 80
 26,99, 33, 68,28, 53
 27,45, 65, 80,13, 79
 28,15, 71, 16,58, 47
 29,46, 92, 80,36, 79,
 0,46, 18, 97,64, 73
 1,40, 14, 35,50, 33
 2,62, 61, 94,61, 16
 3,31, 45, 31,42, 15
 4,14, 33, 19,45, 64
 5,82, 85, 55,57, 74
 6,41, 30, 23,50, 64
 7,10, 74, 62,17, 95
 8,45, 44, 82,99, 14
 9,32, 20, 81,75, 19
 10,59, 69, 33,86, 35
 11,48, 80, 11,12, 16
 12,79, 75, 96,52, 87
 13,51, 76, 76,33, 66
 14,28, 48, 54,40, 11
 15,64, 64, 80,23, 39
 16,98, 64, 84,82, 58
 17,89, 72, 35,74, 80
 18,79, 81, 66,47, 82
 19,30, 29, 96,64, 76
 20,68, 73, 60,45, 54
 21,64, 63, 56,11, 98
 22,75, 53, 64,70, 24
 23,82, 13, 19,96, 19
 24,11, 57, 11,35, 38
 25,68, 23, 54,97, 67
 26,65, 75, 63,32, 98
 27,78, 91, 31,51, 35
 28,48, 32, 93,11, 35
 29,23, 95, 78,23, 72,
 0,78, 70, 65,85, 87
 1,80, 23, 33,87, 31
 2,11, 34, 91,13, 65
 3,69, 26, 93,68, 32
 4,96, 21, 68,32, 17
 5,18, 92, 49,97, 99
 6,75, 85, 17,80, 43
 7,99, 53, 65,58, 78
 8,51, 22, 89,20, 88
 9,83, 87, 63,76, 18
 10,59, 93, 69,47, 55
 11,58, 60, 74,15, 38
 12,89, 84, 14,65, 42
 13,19, 43, 84,34, 60
 14,99, 88, 98,82, 89
 15,79, 54, 99,78, 98
 16,31, 86, 57,17, 90
 17,65, 15, 50,88, 33
 18,55, 39, 31,45, 93
 19,67, 36, 15,78, 42
 20,16, 84, 76,81, 90
 21,64, 61, 62,18, 31
 22,76, 34, 76,70, 29
 23,96, 74, 53,73, 62
 24,10, 94, 35,72, 46
 25,86, 64, 86,43, 44
 26,62, 15, 90,74, 91
 27,87, 35, 42,14, 64
 28,77, 17, 43,80, 35
 29,94, 13, 32,58, 90,
 0,53, 62, 49,25, 20
 1,85, 40, 91,48, 64
 2,84, 63, 79,29, 20
 3,74, 80, 43,55, 29
 4,28, 91, 17,51, 40
 5,88, 19, 45,13, 62
 6,11, 52, 66,37, 71
 7,36, 67, 45,50, 71
 8,94, 48, 25,13, 81
 9,62, 23, 38,35, 89
 10,41, 75, 29,70, 41
 11,88, 37, 85,68, 45
 12,86, 75, 76,16, 57
 13,31, 71, 59,89, 51
 14,53, 38, 95,19, 57
 15,87, 79, 82,86, 98
 16,86, 38, 80,82, 49
 17,84, 33, 84,27, 87
 18,21, 11, 46,90, 51
 19,83, 42, 72,28, 30
 20,35, 38, 65,89, 41
 21,49, 17, 77,28, 93
 22,34, 20, 27,57, 26
 23,59, 20, 50,69, 87
 24,20, 25, 64,71, 17
 25,83, 76, 43,26, 68
 26,76, 70, 21,26, 32
 27,60, 48, 49,87, 35
 28,47, 81, 22,36, 75
 29,82, 33, 33,89, 70,
 0,58, 80, 57,29, 15
 1,38, 61, 93,33, 38
 2,92, 52, 45,80, 39
 3,74, 61, 35,48, 90
 4,11, 53, 78,62, 61
 5,82, 55, 41,68, 70
 6,61, 87, 73,57, 28
 7,30, 46, 59,31, 44
 8,46, 27, 62,89, 16
 9,64, 94, 48,77, 80
 10,35, 91, 91,84, 79
 11,46, 96, 28,49, 31
 12,26, 59, 51,34, 54
 13,57, 57, 16,92, 29
 14,69, 90, 39,63, 20
 15,98, 28, 51,78, 94
 16,53, 76, 15,64, 52
 17,39, 17, 15,89, 38
 18,21, 96, 96,95, 72
 19,19, 83, 51,42, 95
 20,80, 19, 56,16, 86
 21,66, 65, 52,95, 38
 22,50, 45, 86,87, 56
 23,95, 63, 76,16, 33
 24,71, 68, 53,64, 71
 25,26, 27, 56,40, 29
 26,48, 70, 54,55, 51
 27,63, 38, 26,15, 34
 28,85, 69, 62,34, 98
 29,66, 26, 70,91, 85,
 0,91, 85, 23,13, 43
 1,78, 64, 74,69, 57
 2,47, 47, 60,76, 30
 3,44, 40, 18,30, 14
 4,99, 27, 47,56, 70
 5,17, 40, 58,84, 44
 6,60, 86, 62,95, 99
 7,38, 56, 78,41, 53
 8,74, 77, 46,43, 33
 9,52, 50, 75,17, 13
 10,59, 60, 66,33, 18
 11,87, 49, 38,68, 62
 12,73, 18, 35,23, 63
 13,13, 64, 76,77, 18
 14,51, 15, 42,85, 89
 15,52, 97, 49,50, 82
 16,70, 56, 40,18, 34
 17,51, 57, 76,85, 48
 18,83, 50, 46,69, 69
 19,32, 11, 44,32, 78
 20,71, 87, 19,67, 50
 21,89, 75, 61,43, 57
 22,43, 35, 68,90, 93
 23,79, 28, 16,70, 14
 24,74, 17, 82,10, 44
 25,19, 25, 92,58, 71
 26,77, 35, 82,50, 38
 27,49, 70, 37,80, 82
 28,69, 24, 57,90, 68
 29,52, 46, 14,85, 38,
 0,20, 13, 95,57, 19
 1,76, 55, 10,58, 68
 2,43, 77, 15,31, 77
 3,34, 93, 32,69, 79
 4,88, 74, 61,65, 36
 5,87, 94, 86,87, 51
 6,98, 67, 39,27, 19
 7,11, 95, 68,80, 16
 8,10, 21, 51,90, 70
 9,49, 78, 54,95, 10
 10,40, 39, 46,55, 39
 11,75, 20, 69,78, 21
 12,56, 94, 97,60, 22
 13,22, 32, 17,40, 75
 14,71, 76, 88,50, 55
 15,32, 62, 51,74, 64
 16,59, 33, 24,47, 55
 17,54, 66, 90,42, 76
 18,18, 72, 80,29, 77
 19,89, 16, 92,13, 83
 20,25, 92, 39,94, 10
 21,23, 90, 87,48, 72
 22,50, 23, 71,81, 96
 23,12, 81, 66,62, 63
 24,74, 19, 40,83, 29
 25,45, 11, 93,94, 29
 26,88, 53, 84,86, 88
 27,20, 24, 39,61, 59
 28,41, 74, 25,11, 77
 29,19, 27, 51,87, 18,
 0,82, 83, 95,67, 50
 1,76, 39, 67,42, 89
 2,20, 59, 83,50, 44
 3,73, 14, 86,27, 78
 4,74, 11, 37,22, 60
 5,54, 18, 90,26, 31
 6,84, 18, 11,93, 36
 7,86, 65, 12,23, 54
 8,92, 81, 23,12, 10
 9,54, 13, 52,44, 47
 10,84, 22, 32,93, 43
 11,90, 50, 48,33, 33
 12,89, 78, 10,79, 35
 13,96, 17, 98,55, 79
 14,51, 99, 92,86, 15
 15,55, 11, 20,48, 95
 16,31, 25, 25,86, 87
 17,40, 20, 96,17, 29
 18,74, 33, 11,13, 77
 19,21, 28, 66,95, 12
 20,32, 38, 97,85, 40
 21,15, 73, 24,51, 97
 22,19, 33, 31,82, 47
 23,90, 56, 31,42, 78
 24,34, 46, 40,85, 10
 25,90, 91, 81,56, 21
 26,66, 52, 77,77, 76
 27,44, 48, 99,51, 38
 28,17, 11, 62,37, 34
 29,16, 98, 91,17, 20,
 0,40, 97, 96,63, 18
 1,43, 55, 33,10, 28
 2,85, 56, 31,27, 62
 3,71, 37, 92,10, 96
 4,64, 60, 52,16, 24
 5,24, 12, 83,51, 39
 6,61, 64, 46,48, 52
 7,64, 12, 95,98, 12
 8,48, 84, 69,12, 52
 9,76, 23, 24,50, 61
 10,49, 43, 79,61, 35
 11,46, 55, 30,48, 37
 12,61, 31, 47,91, 73
 13,20, 69, 23,87, 83
 14,41, 95, 17,74, 88
 15,43, 87, 44,86, 94
 16,26, 61, 30,49, 51
 17,77, 91, 63,41, 75
 18,42, 82, 86,75, 38
 19,37, 99, 39,92, 53
 20,48, 96, 60,42, 18
 21,94, 30, 87,27, 86
 22,52, 10, 85,59, 86
 23,37, 55, 85,75, 39
 24,20, 89, 77,93, 98
 25,66, 53, 90,60, 98
 26,47, 34, 77,82, 59
 27,48, 40, 69,67, 44
 28,97, 42, 60,96, 29
 29,90, 11, 38,92, 80,
 0,13, 67, 10,30, 92
 1,25, 84, 90,51, 64
 2,30, 28, 53,99, 54
 3,54, 42, 98,48, 39
 4,58, 46, 28,47, 78
 5,16, 36, 66,94, 90
 6,15, 92, 38,44, 40
 7,16, 36, 90,19, 47
 8,95, 71, 55,26, 95
 9,69, 78, 60,92, 50
 10,70, 97, 31,48, 32
 11,52, 77, 73,47, 75
 12,77, 34, 10,79, 36
 13,13, 55, 91,29, 51
 14,39, 28, 31,34, 15
 15,70, 67, 53,96, 74
 16,88, 88, 17,29, 44
 17,52, 26, 99,16, 69
 18,33, 65, 64,44, 51
 19,64, 51, 81,37, 13
 20,85, 38, 38,72, 17
 21,39, 29, 45,94, 30
 22,33, 56, 93,83, 17
 23,68, 83, 59,46, 99
 24,25, 63, 92,68, 39
 25,65, 58, 52,69, 64
 26,33, 86, 90,90, 12
 27,97, 92, 75,76, 44
 28,74, 74, 70,13, 90
 29,83, 73, 34,24, 88,
 0,23, 62, 69,99, 38
 1,96, 10, 74,36, 56
 2,93, 82, 29,71, 29
 3,53, 46, 86,73, 89
 4,41, 91, 24,40, 97
 5,92, 69, 97,60, 26
 6,47, 84, 52,95, 68
 7,70, 78, 76,21, 81
 8,58, 20, 82,54, 11
 9,25, 62, 93,88, 25
 10,21, 36, 13,59, 58
 11,54, 94, 64,21, 84
 12,30, 60, 93,15, 71
 13,52, 63, 41,36, 59
 14,44, 13, 77,49, 40
 15,45, 57, 37,76, 91
 16,94, 44, 77,81, 32
 17,69, 96, 65,16, 16
 18,99, 14, 27,99, 66
 19,81, 96, 89,56, 86
 20,12, 78, 65,73, 19
 21,16, 49, 43,46, 79
 22,97, 33, 60,91, 44
 23,85, 83, 15,85, 84
 24,44, 95, 96,86, 65
 25,38, 44, 79,45, 12
 26,90, 98, 13,60, 86
 27,39, 80, 21,36, 66
 28,88, 42, 53,49, 38
 29,95, 55, 60,90, 45,
 0,59, 13, 81,23, 81
 1,53, 31, 37,83, 64
 2,58, 49, 62,26, 48
 3,47, 51, 89,29, 91
 4,23, 35, 86,52, 81
 5,64, 49, 42,23, 12
 6,95, 45, 32,30, 66
 7,13, 20, 43,14, 90
 8,36, 15, 37,84, 49
 9,37, 20, 57,84, 62
 10,59, 54, 69,81, 46
 11,40, 47, 85,10, 69
 12,35, 81, 63,67, 21
 13,54, 27, 96,34, 40
 14,74, 70, 59,17, 89
 15,73, 76, 85,89, 96
 16,62, 88, 16,68, 18
 17,10, 75, 12,67, 22
 18,33, 85, 85,97, 41
 19,32, 45, 55,14, 64
 20,87, 79, 62,11, 67
 21,82, 49, 35,33, 44
 22,26, 15, 28,79, 41
 23,64, 90, 47,28, 85
 24,66, 49, 90,82, 43
 25,92, 95, 33,52, 96
 26,54, 64, 43,80, 22
 27,94, 43, 42,23, 70
 28,99, 55, 50,97, 22
 29,99, 38, 85,77, 47,
 0,70, 63, 97,20, 20
 1,68, 22, 28,61, 39
 2,73, 68, 11,60, 38
 3,97, 92, 25,91, 38
 4,47, 68, 71,86, 52
 5,54, 91, 73,15, 30
 6,45, 84, 34,93, 47
 7,87, 42, 62,25, 40
 8,77, 31, 42,79, 62
 9,72, 36, 73,81, 15
 10,69, 94, 32,47, 67
 11,98, 83, 32,83, 84
 12,74, 88, 90,30, 77
 13,37, 10, 27,34, 76
 14,77, 17, 86,89, 95
 15,67, 23, 71,16, 47
 16,99, 96, 61,93, 43
 17,82, 24, 72,56, 31
 18,27, 75, 32,94, 10
 19,90, 43, 98,80, 46
 20,41, 18, 65,70, 23
 21,40, 96, 54,33, 82
 22,42, 98, 96,29, 47
 23,54, 31, 65,98, 35
 24,14, 98, 60,99, 23
 25,96, 70, 11,86, 74
 26,81, 48, 79,34, 25
 27,65, 45, 40,59, 83
 28,21, 64, 51,97, 50
 29,76, 60, 87,65, 95,
 0,61, 68, 59,17, 77
 1,49, 30, 73,29, 28
 2,14, 36, 25,50, 56
 3,29, 72, 70,30, 37
 4,74, 15, 97,69, 48
 5,18, 99, 37,42, 70
 6,10, 66, 84,58, 48
 7,61, 93, 35,75, 93
 8,46, 87, 76,85, 75
 9,83, 95, 58,50, 11
 10,13, 23, 14,96, 86
 11,32, 97, 69,43, 51
 12,48, 52, 35,22, 80
 13,74, 67, 24,29, 22
 14,22, 76, 68,65, 63
 15,58, 55, 86,20, 43
 16,22, 76, 44,82, 90
 17,58, 77, 61,53, 22
 18,81, 86, 89,59, 73
 19,62, 80, 78,64, 15
 20,14, 60, 19,45, 59
 21,20, 40, 32,24, 61
 22,91, 90, 29,90, 40
 23,29, 30, 94,81, 44
 24,91, 69, 80,55, 44
 25,87, 95, 88,76, 45
 26,70, 34, 53,49, 28
 27,10, 79, 92,33, 99
 28,25, 81, 51,78, 73
 29,21, 57, 10,69, 52